2009 0  2  2  0  0  0  0  0  0  0  0  0  0 18 25 11  9  5  7  5  4  4  5  4 avg:0.2
2010 0  0  0  0  0  0  0  0  0  0  0  0  0 13 15 15 17  5 10  6 13  6  0  1 avg:0.4
2011 0  0  0  0  0  0  0  0  0  0  0  0  0  5 10 13 10 10 13 15 13  7  2  0 avg:2.1
2012 1  1  1  0  0  0  0  0  0  0  0  0  1  5  8  8 10 10 14 17 16  7  2  0 avg:9.7
2013 4  5  5  4  2  1  1  1  1  2  3  3  4  4  4  5  6  5  7  8 11  7  4  4 avg:22.3
2014 4  4  5  5  2  2  2  2  3  3  4  5  7  5  4  5  4  3  5  6  7  5  3  5 avg:15.8
2015 6  7  9  7  4  3  1  1  2  2  2  4  5  5  4  4  3  3  4  5  5  4  4  4 avg:20.6
2016 5  7  7  5  3  2  1  0  0  1  2  4  5  6  5  5  6  4  5  5  5  6  5  5 avg:11.6
2017 4  4  4  2  1  1  0  0  0  1  8 12 12  9  5  3  3  3  3  4  5  5  6  5 avg:7.1
2018 4  4  3  3  1  0  0  0  0  2  4  9 10 10  7  5  5  5  4  4  6  5  5  3 avg:9.8
2019 4  4  5  6  3  1  0  0  0  0  4  9 11  7  6  5  4  4  3  4  4  5  5  5 avg:20.1
